360
0 16 167
0 26 171
0 48 165
0 51 174
0 69 194
0 82 169
0 96 173
0 99 175
0 108 183
0 125 178
0 135 187
0 176 172
0 183 198
0 199 169
0 221 171
0 223 173
0 256 186
0 276 191
0 302 165
0 311 168
0 314 173
0 317 177
0 318 171
0 327 180
0 348 165
0 352 171
0 355 183
1 42 169
1 65 198
1 67 191
1 88 189
1 92 197
1 97 164
1 128 168
1 167 187
1 180 192
1 193 170
1 194 190
1 202 179
1 264 188
1 290 178
1 292 177
1 324 183
1 331 194
1 338 180
1 351 172
2 12 166
2 39 172
2 62 163
2 79 162
2 82 165
2 93 190
2 148 178
2 163 173
2 167 175
2 172 189
2 173 196
2 190 172
2 196 184
2 223 169
2 227 178
2 233 172
2 234 190
2 242 178
2 250 180
2 252 167
2 255 162
2 257 169
2 277 198
2 342 196
3 16 198
3 23 194
3 29 167
3 38 164
3 42 196
3 73 168
3 91 195
3 92 181
3 114 189
3 127 191
3 133 184
3 148 188
3 153 192
3 158 167
3 165 195
3 176 165
3 200 170
3 217 169
3 228 194
3 245 198
3 292 198
3 293 184
3 296 180
3 300 169
3 310 182
3 322 192
3 329 180
3 334 188
3 346 194
3 353 171
4 2 177
4 75 198
4 83 188
4 89 175
4 113 186
4 160 163
4 202 168
4 227 174
4 229 180
4 237 193
4 243 178
4 256 165
4 270 171
4 292 184
4 296 198
4 298 168
4 320 183
4 341 173
4 349 162
5 11 183
5 57 188
5 73 178
5 84 195
5 122 186
5 137 172
5 147 169
5 155 175
5 168 191
5 178 192
5 184 196
5 201 177
5 203 162
5 221 167
5 238 163
5 312 182
6 25 190
6 31 170
6 81 171
6 103 163
6 109 185
6 110 164
6 147 187
6 166 170
6 174 171
6 190 194
6 199 182
6 216 178
6 224 178
6 225 167
6 232 186
6 239 165
6 241 176
6 242 191
6 251 163
6 261 163
6 264 165
6 273 177
6 290 187
6 316 162
6 336 195
7 35 185
7 56 189
7 75 172
7 105 196
7 123 188
7 136 182
7 174 179
7 200 164
7 208 181
7 210 177
7 212 190
7 213 178
7 235 179
7 252 173
7 263 180
7 275 183
7 276 185
7 283 189
7 287 180
7 306 194
7 330 183
7 339 187
7 351 173
7 354 195
7 355 169
8 39 185
8 43 195
8 53 198
8 59 179
8 63 192
8 72 182
8 104 176
8 106 169
8 110 183
8 121 197
8 127 171
8 128 193
8 133 171
8 142 173
8 192 171
8 201 162
8 220 171
8 240 175
8 268 189
8 307 178
8 343 182
9 37 177
9 38 166
9 62 167
9 73 197
9 102 189
9 131 190
9 148 185
9 170 190
9 172 197
9 191 182
9 227 188
9 242 193
9 278 189
9 283 173
9 300 171
9 316 197
10 21 175
10 59 183
10 69 195
10 111 192
10 112 187
10 122 189
10 163 194
10 172 177
10 189 175
10 191 196
10 209 167
10 234 190
10 287 162
10 298 172
10 351 186
10 356 184
11 0 196
11 19 172
11 32 195
11 43 189
11 63 179
11 85 189
11 98 194
11 164 181
11 169 179
11 175 169
11 193 190
11 198 186
11 210 172
11 211 168
11 241 181
11 260 185
11 267 162
11 323 164
12 4 182
12 23 174
12 25 193
12 41 190
12 43 196
12 49 179
12 51 180
12 63 198
12 93 178
12 108 195
12 126 192
12 128 167
12 152 167
12 175 191
12 188 191
12 196 186
12 221 170
12 227 192
12 236 190
12 264 175
12 268 196
12 276 174
12 332 168
12 353 165
12 359 181
13 44 188
13 56 181
13 84 177
13 118 187
13 133 167
13 143 195
13 147 186
13 155 189
13 189 162
13 198 192
13 213 171
13 232 162
13 242 175
13 245 196
13 254 187
13 262 182
13 267 166
13 297 198
13 309 187
13 319 188
14 12 179
14 55 197
14 61 185
14 62 170
14 77 165
14 82 174
14 99 191
14 108 168
14 128 194
14 148 181
14 151 187
14 162 179
14 174 164
14 213 168
14 229 165
14 266 172
14 277 177
14 282 182
14 314 181
14 350 165
14 352 180
14 353 175
14 355 165
14 358 181
15 7 163
15 40 166
15 52 180
15 97 191
15 148 184
15 153 181
15 154 198
15 156 189
15 170 196
15 192 165
15 222 189
15 267 173
15 308 182
15 328 184
16 90 196
16 95 175
16 104 190
16 133 183
16 180 162
16 204 198
16 235 185
16 249 194
16 269 163
16 283 184
16 294 173
16 307 167
16 334 192
16 336 170
17 26 166
17 51 166
17 52 164
17 84 194
17 100 187
17 110 179
17 138 172
17 145 198
17 153 182
17 193 197
17 196 179
17 199 186
17 217 197
17 224 193
17 256 167
17 273 165
17 279 171
17 327 198
17 328 176
17 329 166
17 336 177
17 338 180
18 5 165
18 27 179
18 66 172
18 73 164
18 105 182
18 144 175
18 151 182
18 157 181
18 183 182
18 184 178
18 209 162
18 231 166
18 232 162
18 251 184
18 279 191
18 301 186
18 308 178
18 346 188
19 7 169
19 30 193
19 49 174
19 69 186
19 72 181
19 109 178
19 110 189
19 118 178
19 134 173
19 140 166
19 162 163
19 163 166
19 198 172
19 238 168
19 248 181
19 264 180
19 271 188
19 273 184
19 274 189
19 302 196
20 3 189
20 22 174
20 112 186
20 113 197
20 191 187
20 199 196
20 207 194
20 210 169
20 232 188
20 240 197
20 285 177
20 289 174
20 329 174
20 330 196
20 344 181
20 359 195
21 4 164
21 45 184
21 49 181
21 66 176
21 101 188
21 135 195
21 243 169
21 247 183
21 252 185
21 255 187
21 280 171
21 296 184
21 312 177
21 338 197
21 357 186
22 9 164
22 54 167
22 58 197
22 112 170
22 119 194
22 146 192
22 166 172
22 197 197
22 242 180
22 260 197
22 293 163
22 319 170
22 320 189
22 351 193
23 46 197
23 62 174
23 76 169
23 127 196
23 143 192
23 167 178
23 177 166
23 199 163
23 200 183
23 205 197
23 238 192
23 245 168
23 255 188
23 260 191
23 274 166
23 281 178
23 295 174
23 333 195
24 34 175
24 45 178
24 73 189
24 79 196
24 86 172
24 89 193
24 159 186
24 174 194
24 190 188
24 203 173
24 217 166
24 220 178
24 247 189
24 307 173
24 347 171
24 359 181
25 5 192
25 16 171
25 32 190
25 53 172
25 79 182
25 94 174
25 96 169
25 111 168
25 129 182
25 134 165
25 154 168
25 191 186
25 205 169
25 315 178
25 345 168
26 4 181
26 52 166
26 83 193
26 107 162
26 121 192
26 125 195
26 131 190
26 154 174
26 197 194
26 248 169
26 306 197
26 321 173
26 341 173
26 351 191
27 5 183
27 8 178
27 14 166
27 68 184
27 97 163
27 107 197
27 137 167
27 150 182
27 154 189
27 178 185
27 193 194
27 200 162
27 246 168
27 266 193
27 268 192
27 303 198
27 320 174
27 329 166
28 5 191
28 38 182
28 74 190
28 87 166
28 114 178
28 133 180
28 160 167
28 173 181
28 184 184
28 203 171
28 217 196
28 218 173
28 221 163
28 278 170
28 305 173
28 309 186
28 315 173
29 35 162
29 51 162
29 56 168
29 71 176
29 74 196
29 125 175
29 129 179
29 155 196
29 162 185
29 177 164
29 202 189
29 265 165
29 320 182
29 332 171
29 353 171
29 358 182
30 22 184
30 24 181
30 31 183
30 34 190
30 61 178
30 77 166
30 78 191
30 105 195
30 110 181
30 121 182
30 126 185
30 134 163
30 136 184
30 146 183
30 156 185
30 162 192
30 182 175
30 202 177
30 219 197
30 222 181
30 265 186
30 269 182
30 284 170
31 10 171
31 15 184
31 45 181
31 80 189
31 100 198
31 101 187
31 113 163
31 117 179
31 126 192
31 129 171
31 161 165
31 175 171
31 179 170
31 190 184
31 263 183
31 266 167
31 286 195
31 329 191
31 338 191
31 341 180
32 19 188
32 31 177
32 112 163
32 119 177
32 133 167
32 141 189
32 150 164
32 179 186
32 189 187
32 190 190
32 198 166
32 229 194
32 257 193
32 266 189
32 281 176
32 333 196
32 336 170
32 347 181
33 13 192
33 37 166
33 46 188
33 67 183
33 115 164
33 144 171
33 164 165
33 216 183
33 237 163
33 261 176
33 298 169
33 332 172
34 14 198
34 29 163
34 110 188
34 135 179
34 171 181
34 244 192
34 253 168
34 254 184
34 269 176
34 278 166
34 335 198
34 349 194
34 355 175
35 26 166
35 57 192
35 107 197
35 112 181
35 115 178
35 124 187
35 134 195
35 151 181
35 182 190
35 191 167
35 209 170
35 223 174
35 242 176
35 249 194
35 253 198
35 255 180
35 307 164
35 326 188
35 344 187
36 8 185
36 34 186
36 38 192
36 45 194
36 55 197
36 68 178
36 80 170
36 100 170
36 103 186
36 108 185
36 146 191
36 148 173
36 149 190
36 163 165
36 182 166
36 208 164
36 209 175
36 245 171
36 258 195
36 279 165
36 283 196
36 347 165
37 16 194
37 23 167
37 40 183
37 46 191
37 54 187
37 64 164
37 119 175
37 124 169
37 130 166
37 205 177
37 206 181
37 214 175
37 220 184
37 221 172
37 245 195
37 253 198
37 275 173
37 314 166
37 324 177
37 351 178
37 353 173
37 354 197
37 356 191
38 16 186
38 31 188
38 41 197
38 51 188
38 84 193
38 97 174
38 105 197
38 122 165
38 138 177
38 141 170
38 155 182
38 169 175
38 170 167
38 175 186
38 178 187
38 194 179
38 205 198
38 221 192
38 224 169
38 229 164
38 324 164
39 2 171
39 30 173
39 61 196
39 76 165
39 98 166
39 108 185
39 112 169
39 115 167
39 124 173
39 146 162
39 162 182
39 181 188
39 182 173
39 183 176
39 210 183
39 222 170
39 224 195
39 268 167
39 282 170
39 292 179
39 329 188
39 333 165
39 334 169
39 337 176
39 353 192
40 15 169
40 18 180
40 54 174
40 66 185
40 82 194
40 136 178
40 137 164
40 174 189
40 195 177
40 200 194
40 245 175
40 265 185
40 277 188
40 291 171
40 325 170
40 348 179
41 2 168
41 70 178
41 87 166
41 105 193
41 108 164
41 115 177
41 121 166
41 126 184
41 136 172
41 182 198
41 229 177
41 234 183
41 238 173
41 252 183
41 266 196
41 273 165
41 288 165
41 290 189
41 302 180
41 348 190
42 22 196
42 40 184
42 45 198
42 112 166
42 151 172
42 195 192
42 198 170
42 199 181
42 230 178
42 242 174
42 245 171
42 282 165
42 299 194
42 324 184
42 329 164
42 330 180
43 14 170
43 16 177
43 44 178
43 59 186
43 74 185
43 87 165
43 93 170
43 99 192
43 106 196
43 123 192
43 137 192
43 142 165
43 145 194
43 196 195
43 206 162
43 211 194
43 249 191
43 258 187
43 267 169
43 280 179
43 338 166
44 3 171
44 91 166
44 103 184
44 140 187
44 144 164
44 150 162
44 154 183
44 182 172
44 234 171
44 263 172
44 308 165
44 311 187
44 333 171
44 337 166
44 348 186
44 351 176
45 7 184
45 18 170
45 35 198
45 56 171
45 89 165
45 198 165
45 237 193
45 255 189
45 271 167
45 273 167
45 283 181
45 315 162
45 316 165
45 318 190
45 325 191
45 338 163
46 5 192
46 8 197
46 29 180
46 30 190
46 79 195
46 101 166
46 156 182
46 172 182
46 177 194
46 194 193
46 206 174
46 228 184
46 281 185
46 306 169
47 4 193
47 10 183
47 59 198
47 67 192
47 73 169
47 76 170
47 93 188
47 96 179
47 117 176
47 150 164
47 158 187
47 163 168
47 164 165
47 177 178
47 181 163
47 212 170
47 274 169
47 285 189
47 317 196
47 322 196
47 323 182
47 334 167
48 4 177
48 11 175
48 24 167
48 31 167
48 41 185
48 79 178
48 88 175
48 89 163
48 137 183
48 146 165
48 147 168
48 148 171
48 169 191
48 170 174
48 178 187
48 188 195
48 193 193
48 198 170
48 202 193
48 221 175
48 252 179
48 254 186
48 263 179
48 270 173
48 277 195
48 296 188
48 357 196
49 1 194
49 23 194
49 28 182
49 39 190
49 55 188
49 73 193
49 159 167
49 170 165
49 197 171
49 215 179
49 245 197
49 271 167
49 282 170
49 306 178
49 347 194
50 55 172
50 67 181
50 81 167
50 92 181
50 112 167
50 124 187
50 139 173
50 157 175
50 204 178
50 216 196
50 311 188
50 322 182
50 353 182
51 74 182
51 101 173
51 109 183
51 127 185
51 143 178
51 146 168
51 158 186
51 171 186
51 183 188
51 185 175
51 193 181
51 198 170
51 220 176
51 222 166
51 228 192
51 260 196
51 285 181
51 286 169
51 357 189
52 4 175
52 51 182
52 63 165
52 86 168
52 87 176
52 95 192
52 98 180
52 101 180
52 174 185
52 229 179
52 266 169
52 267 185
52 297 186
52 318 192
52 320 193
52 343 175
52 344 193
53 33 185
53 35 190
53 60 173
53 63 174
53 70 195
53 82 196
53 87 182
53 169 187
53 183 190
53 186 195
53 235 186
53 245 183
53 246 171
53 248 165
53 253 170
53 264 189
53 265 181
53 276 188
53 340 198
53 342 195
53 344 187
54 23 168
54 42 166
54 60 177
54 73 190
54 86 191
54 91 174
54 115 193
54 128 195
54 131 185
54 147 170
54 170 163
54 179 165
54 217 194
54 242 178
54 270 186
54 275 186
54 287 197
54 311 167
54 322 192
55 22 172
55 43 198
55 48 172
55 65 168
55 105 180
55 131 194
55 174 165
55 185 187
55 300 180
55 303 185
55 337 174
56 1 191
56 16 180
56 18 173
56 24 177
56 34 187
56 153 177
56 192 166
56 217 164
56 223 165
56 229 196
56 256 187
56 289 182
56 335 197
56 336 167
57 41 167
57 64 168
57 65 178
57 82 169
57 108 165
57 158 181
57 160 174
57 198 193
57 228 173
57 269 170
57 270 186
57 303 163
57 321 189
58 10 175
58 13 197
58 33 198
58 38 191
58 65 177
58 144 183
58 152 170
58 159 165
58 161 168
58 175 172
58 197 194
58 206 187
58 312 194
58 333 166
59 6 163
59 55 187
59 80 179
59 86 192
59 100 166
59 129 189
59 136 174
59 151 193
59 156 187
59 174 196
59 179 170
59 199 186
59 202 163
59 248 163
59 252 165
59 262 188
59 263 186
59 271 185
59 276 191
59 284 168
59 307 185
59 314 172
59 317 190
59 319 196
60 6 179
60 39 177
60 43 168
60 46 194
60 50 190
60 145 180
60 177 177
60 179 169
60 185 185
60 198 163
60 208 163
60 214 198
60 219 182
60 285 182
60 345 177
60 355 184
61 0 196
61 60 193
61 68 195
61 82 162
61 88 168
61 106 162
61 140 195
61 145 168
61 164 193
61 182 195
61 242 191
61 258 197
61 263 174
61 310 194
61 313 167
61 315 189
61 324 191
61 347 180
62 65 171
62 79 182
62 112 170
62 131 172
62 142 180
62 148 167
62 156 168
62 191 187
62 206 168
62 250 167
62 260 190
62 276 182
63 2 195
63 36 166
63 85 168
63 86 192
63 93 176
63 104 193
63 105 166
63 157 163
63 183 178
63 196 166
63 215 179
63 221 192
63 230 193
63 240 183
63 269 184
63 278 184
63 279 194
63 304 168
63 324 191
64 0 197
64 17 173
64 22 197
64 42 198
64 97 182
64 137 170
64 142 170
64 168 165
64 189 188
64 227 170
64 290 174
64 293 162
64 312 185
64 331 197
64 348 180
65 3 189
65 20 169
65 55 177
65 67 175
65 76 184
65 85 177
65 97 176
65 103 176
65 125 162
65 132 189
65 199 180
65 202 174
65 209 170
65 229 171
65 237 183
65 243 193
65 299 198
65 340 181
65 345 163
66 12 181
66 30 163
66 43 191
66 50 171
66 56 180
66 89 171
66 94 185
66 99 163
66 100 183
66 132 170
66 276 193
66 287 172
66 315 162
66 333 177
66 337 192
66 348 164
66 359 197
67 26 162
67 60 172
67 71 181
67 91 168
67 106 163
67 113 198
67 141 192
67 143 177
67 194 198
67 223 167
67 227 179
67 237 192
67 239 181
67 244 189
67 307 191
67 340 168
67 342 165
67 349 173
68 4 175
68 26 189
68 30 165
68 77 165
68 82 163
68 85 167
68 105 166
68 130 176
68 146 182
68 164 164
68 184 169
68 259 190
68 282 173
68 287 177
68 293 166
68 313 163
68 324 190
68 356 176
69 4 166
69 20 191
69 27 195
69 33 172
69 43 162
69 93 166
69 95 179
69 145 170
69 153 185
69 171 196
69 172 170
69 173 195
69 210 179
69 212 162
69 215 198
69 217 178
69 230 190
69 233 187
69 236 181
69 257 163
69 258 192
69 259 176
69 283 195
69 291 164
69 298 189
69 316 162
69 333 173
69 348 170
70 16 195
70 39 191
70 49 166
70 76 182
70 77 190
70 79 179
70 85 190
70 91 162
70 160 177
70 228 183
70 234 174
70 253 169
70 263 184
70 326 177
70 333 173
71 11 176
71 22 164
71 49 174
71 80 176
71 83 194
71 116 170
71 138 174
71 148 170
71 150 180
71 164 177
71 179 187
71 182 163
71 183 192
71 186 179
71 217 168
71 232 191
71 236 168
71 298 164
71 319 169
71 347 174
71 353 196
72 26 163
72 28 183
72 29 194
72 36 181
72 70 179
72 78 162
72 82 186
72 83 176
72 96 171
72 97 181
72 98 193
72 112 188
72 132 162
72 134 193
72 136 178
72 144 165
72 182 186
72 184 176
72 197 167
72 218 171
72 249 194
72 269 192
72 285 177
72 301 187
72 303 169
72 324 181
73 10 170
73 33 178
73 43 182
73 47 166
73 57 179
73 68 191
73 75 176
73 86 168
73 96 183
73 141 193
73 184 183
73 194 194
73 211 175
73 225 184
73 253 189
73 271 194
73 274 175
73 290 197
73 316 185
73 323 170
73 328 172
73 339 198
73 344 172
73 346 171
73 355 186
73 359 171
74 8 195
74 11 178
74 24 195
74 43 198
74 68 176
74 105 177
74 111 176
74 122 188
74 130 193
74 137 170
74 154 168
74 165 171
74 235 162
74 241 162
74 263 168
74 270 171
74 299 164
74 304 184
74 337 197
74 341 166
74 355 190
74 357 182
75 0 196
75 4 179
75 6 181
75 11 172
75 20 184
75 60 191
75 80 180
75 109 191
75 123 177
75 127 182
75 131 163
75 162 176
75 177 162
75 187 163
75 190 177
75 202 167
75 253 185
75 294 174
75 296 174
75 300 166
75 329 168
76 8 179
76 27 198
76 63 179
76 68 196
76 71 190
76 77 189
76 86 193
76 87 177
76 107 177
76 134 166
76 162 164
76 202 175
76 263 184
76 277 184
76 298 168
76 307 181
76 358 191
77 38 198
77 44 190
77 85 191
77 94 168
77 96 186
77 100 179
77 119 183
77 125 193
77 126 165
77 185 170
77 194 190
77 200 169
77 306 170
77 307 167
77 339 185
77 343 176
78 6 178
78 9 174
78 45 173
78 56 170
78 82 169
78 119 175
78 120 175
78 183 181
78 193 186
78 213 188
78 216 172
78 249 189
78 269 198
78 285 189
78 304 180
78 310 186
78 342 169
79 10 193
79 21 197
79 50 168
79 66 192
79 83 197
79 87 189
79 90 174
79 118 167
79 139 166
79 154 198
79 169 168
79 196 162
79 279 189
79 283 194
79 342 196
79 351 195
80 37 186
80 92 177
80 98 168
80 100 174
80 113 187
80 116 189
80 117 182
80 140 189
80 188 166
80 228 165
80 262 195
80 274 193
80 287 172
80 306 168
80 312 182
80 342 164
80 348 192
80 355 191
80 357 198
81 3 162
81 19 180
81 33 183
81 72 185
81 84 169
81 112 177
81 136 197
81 150 171
81 157 188
81 162 197
81 224 181
81 235 184
81 236 182
81 239 192
81 250 197
81 257 169
81 283 197
81 300 197
81 316 180
81 321 193
81 357 194
82 2 191
82 45 167
82 101 192
82 105 185
82 117 183
82 138 184
82 144 190
82 157 185
82 166 170
82 168 194
82 170 190
82 176 194
82 189 177
82 198 187
82 204 179
82 225 188
82 265 179
82 304 163
82 321 164
82 327 198
83 6 169
83 10 195
83 28 170
83 60 190
83 115 182
83 143 181
83 151 165
83 180 192
83 181 177
83 199 182
83 247 174
83 268 181
83 296 185
83 309 177
83 310 172
83 345 164
84 13 173
84 20 169
84 38 178
84 45 179
84 87 185
84 109 194
84 111 188
84 115 184
84 128 163
84 182 195
84 200 183
84 201 194
84 203 184
84 209 185
84 212 163
84 219 186
84 247 186
84 265 190
84 269 197
84 302 177
84 305 193
84 314 164
84 329 172
84 357 194
85 68 168
85 123 179
85 154 183
85 160 168
85 162 174
85 196 195
85 229 164
85 234 177
85 282 193
85 321 172
85 357 187
86 3 183
86 47 182
86 61 186
86 75 179
86 102 167
86 104 181
86 112 177
86 117 188
86 120 188
86 122 178
86 137 165
86 172 186
86 173 177
86 192 184
86 196 178
86 210 182
86 260 183
86 273 182
86 285 185
86 303 174
86 312 196
86 327 198
86 359 171
87 3 177
87 25 170
87 28 189
87 32 165
87 66 173
87 82 169
87 90 171
87 149 198
87 157 198
87 181 189
87 187 195
87 241 177
87 250 182
87 261 183
87 264 198
87 266 198
87 299 183
87 312 187
87 326 194
87 329 193
88 7 171
88 18 172
88 31 178
88 37 171
88 40 169
88 47 165
88 48 174
88 79 178
88 85 175
88 90 184
88 129 190
88 130 189
88 220 165
88 247 176
88 275 172
88 306 180
88 321 173
88 323 163
88 342 179
88 345 182
89 3 181
89 8 183
89 20 184
89 23 172
89 43 184
89 92 195
89 133 171
89 141 191
89 159 172
89 174 183
89 178 183
89 203 184
89 209 184
89 222 191
89 229 196
89 241 181
89 280 163
89 292 162
89 302 165
89 312 183
89 331 189
89 336 175
89 343 184
89 352 162
89 359 164
90 53 191
90 76 187
90 100 166
90 120 162
90 163 189
90 204 198
90 250 165
90 257 178
90 274 183
90 299 168
90 307 190
90 326 198
90 327 194
90 329 162
90 340 185
90 347 185
91 10 178
91 50 193
91 63 186
91 111 180
91 121 193
91 128 177
91 165 190
91 229 183
91 276 197
91 287 184
91 299 164
91 306 185
91 359 169
92 15 198
92 42 198
92 61 189
92 80 184
92 98 180
92 111 165
92 124 184
92 145 182
92 151 195
92 175 185
92 176 192
92 177 169
92 186 195
92 255 166
92 257 185
92 297 185
92 298 185
93 25 163
93 40 180
93 44 182
93 48 169
93 57 165
93 66 181
93 70 190
93 86 185
93 89 171
93 102 195
93 128 193
93 140 178
93 141 174
93 159 166
93 178 164
93 185 194
93 215 196
93 224 198
93 245 166
93 251 181
93 255 177
93 274 166
93 333 166
93 350 178
94 11 186
94 34 179
94 75 171
94 83 185
94 209 185
94 237 168
94 262 168
94 263 173
94 275 189
94 293 190
94 306 164
94 355 181
94 356 185
95 9 167
95 32 169
95 38 177
95 83 193
95 84 197
95 108 195
95 145 163
95 159 194
95 161 173
95 173 171
95 185 196
95 193 197
95 246 181
95 262 166
95 298 188
95 313 187
95 330 178
95 339 163
96 10 164
96 21 187
96 29 163
96 30 195
96 98 169
96 122 177
96 166 192
96 211 196
96 213 198
96 214 189
96 244 191
96 259 190
96 290 167
96 296 177
96 343 178
96 358 184
97 5 179
97 19 187
97 30 193
97 33 163
97 41 184
97 54 186
97 62 193
97 134 190
97 135 177
97 150 166
97 167 183
97 168 170
97 208 181
97 218 184
97 257 179
97 322 187
97 340 179
97 355 162
98 1 197
98 6 178
98 9 164
98 10 163
98 44 171
98 65 172
98 99 173
98 118 196
98 119 166
98 126 182
98 156 195
98 180 183
98 198 176
98 227 188
98 255 195
98 288 178
98 291 173
98 312 168
98 315 170
98 318 170
98 321 195
99 25 187
99 26 186
99 32 197
99 44 167
99 68 166
99 70 187
99 83 190
99 93 163
99 98 175
99 126 198
99 127 171
99 131 162
99 141 193
99 149 197
99 204 179
99 256 190
99 263 181
99 275 189
99 277 197
99 326 182
99 336 193
100 1 168
100 50 193
100 101 171
100 125 168
100 137 195
100 143 187
100 144 182
100 169 198
100 177 171
100 235 190
100 245 166
100 268 189
100 282 189
100 303 162
100 313 163
100 337 189
101 75 189
101 84 185
101 120 186
101 149 186
101 150 173
101 206 178
101 246 196
101 290 168
101 315 172
101 356 181
102 4 193
102 8 182
102 17 195
102 25 185
102 42 187
102 52 169
102 53 170
102 78 168
102 106 191
102 107 166
102 108 188
102 118 164
102 137 197
102 147 183
102 161 185
102 196 183
102 223 180
102 240 180
102 258 171
102 284 196
102 287 171
102 300 179
102 321 195
102 324 162
102 348 169
102 357 181
102 359 179
103 7 195
103 11 169
103 12 169
103 21 196
103 98 187
103 124 186
103 148 181
103 154 166
103 211 175
103 223 173
103 225 189
103 263 179
103 274 184
103 275 170
103 293 170
103 300 189
103 323 171
104 9 183
104 33 190
104 118 189
104 133 182
104 134 184
104 156 180
104 199 162
104 257 192
104 276 183
104 277 187
104 289 184
104 345 185
105 1 171
105 69 175
105 73 186
105 76 172
105 91 195
105 126 184
105 140 179
105 162 196
105 164 177
105 194 169
105 218 173
105 220 175
105 224 197
105 229 179
105 268 172
105 320 164
105 322 171
106 1 188
106 33 186
106 45 196
106 46 196
106 50 168
106 90 192
106 105 179
106 109 194
106 142 174
106 154 175
106 167 169
106 210 164
106 277 171
106 287 194
107 25 195
107 32 191
107 37 182
107 47 188
107 70 192
107 86 195
107 92 171
107 142 197
107 156 172
107 157 196
107 161 168
107 189 167
107 203 162
107 230 172
107 252 198
107 277 179
107 293 180
107 302 167
107 310 193
107 311 170
107 338 173
108 5 162
108 19 191
108 35 172
108 37 168
108 49 178
108 60 162
108 63 196
108 109 179
108 124 197
108 144 178
108 153 186
108 158 170
108 167 180
108 210 182
108 220 186
108 248 184
108 263 175
108 282 182
108 290 171
108 297 193
108 298 174
108 311 191
108 322 171
108 326 183
108 338 195
108 357 178
109 14 179
109 24 174
109 38 173
109 53 180
109 73 169
109 128 180
109 147 167
109 216 189
109 235 162
109 290 178
109 322 171
109 337 177
109 345 187
109 350 165
110 11 182
110 13 176
110 49 184
110 52 185
110 90 185
110 131 178
110 137 190
110 146 195
110 182 190
110 209 198
110 257 187
110 265 189
110 281 197
110 336 180
110 339 177
110 354 166
111 18 163
111 46 168
111 48 170
111 51 165
111 53 186
111 59 192
111 71 179
111 74 177
111 85 169
111 91 185
111 92 197
111 96 162
111 101 175
111 103 194
111 136 196
111 144 187
111 146 198
111 170 188
111 172 164
111 182 193
111 184 184
111 204 180
111 236 192
111 251 166
111 252 197
111 255 198
111 261 198
111 264 164
111 357 171
112 25 185
112 35 176
112 56 190
112 65 167
112 66 192
112 89 187
112 90 185
112 118 169
112 125 165
112 163 182
112 240 181
112 267 163
112 268 165
112 307 192
112 312 186
112 348 162
113 11 191
113 57 178
113 131 164
113 171 195
113 185 185
113 189 193
113 259 197
113 260 168
113 277 186
113 280 172
113 288 171
113 305 178
114 0 186
114 36 196
114 58 198
114 68 169
114 77 194
114 108 192
114 111 172
114 121 162
114 123 183
114 134 172
114 137 170
114 167 187
114 169 191
114 226 185
114 239 196
114 286 162
114 288 198
114 305 176
114 322 162
114 346 170
115 14 170
115 31 191
115 83 181
115 92 163
115 103 183
115 127 174
115 130 181
115 144 179
115 156 172
115 162 173
115 175 186
115 182 175
115 194 165
115 195 179
115 229 186
115 234 180
115 238 192
115 239 196
115 253 189
115 284 173
115 289 168
115 297 191
115 309 162
115 310 166
115 311 179
115 315 190
115 318 173
115 341 171
116 14 173
116 25 197
116 39 172
116 51 170
116 62 168
116 93 186
116 118 186
116 140 196
116 155 176
116 199 164
116 202 163
116 205 184
116 220 187
116 238 171
116 294 173
116 349 170
116 352 167
116 355 168
117 77 192
117 85 195
117 97 164
117 146 189
117 149 187
117 153 189
117 170 195
117 190 180
117 193 163
117 259 169
117 267 172
117 343 175
118 10 162
118 72 190
118 156 185
118 159 193
118 165 195
118 169 173
118 198 180
118 236 192
118 244 172
118 247 190
118 283 167
118 313 167
118 316 192
118 350 195
119 25 170
119 41 166
119 53 163
119 70 178
119 76 168
119 96 163
119 118 189
119 150 185
119 209 167
119 239 162
119 246 196
119 271 176
119 299 163
119 333 163
119 357 189
120 4 185
120 25 184
120 35 183
120 36 179
120 65 165
120 71 167
120 86 193
120 89 196
120 119 167
120 145 197
120 170 163
120 201 179
120 211 166
120 236 185
120 262 189
120 292 196
120 352 174
121 37 193
121 44 187
121 60 180
121 65 192
121 82 162
121 96 167
121 129 164
121 144 179
121 155 165
121 162 171
121 185 189
121 191 188
121 195 166
121 209 166
121 219 196
121 221 165
121 233 183
121 244 178
121 265 195
121 276 171
121 286 186
121 310 183
121 330 169
122 5 172
122 10 181
122 11 178
122 15 177
122 33 195
122 48 192
122 49 178
122 61 167
122 123 193
122 125 184
122 150 172
122 160 192
122 162 175
122 163 177
122 182 190
122 222 163
122 231 198
122 237 173
122 254 172
122 262 178
122 275 183
122 291 165
122 298 176
122 310 181
122 329 185
122 333 180
123 6 163
123 10 198
123 23 183
123 26 193
123 28 162
123 50 164
123 81 190
123 83 165
123 99 191
123 119 166
123 154 176
123 177 171
123 203 172
123 209 174
123 217 193
123 235 196
123 240 164
123 254 194
123 261 182
123 302 185
123 309 180
124 5 196
124 30 163
124 52 162
124 75 165
124 117 172
124 138 186
124 160 166
124 162 166
124 166 173
124 207 181
124 214 163
124 227 162
124 235 176
124 263 180
124 272 162
124 273 182
124 285 169
124 318 180
125 0 164
125 22 162
125 36 181
125 139 192
125 141 182
125 181 179
125 186 171
125 192 168
125 198 179
125 269 177
125 292 177
125 308 174
125 318 170
125 319 195
125 320 194
125 338 169
125 354 166
126 7 188
126 10 178
126 11 184
126 20 184
126 38 195
126 49 189
126 84 175
126 93 175
126 99 168
126 102 177
126 104 163
126 130 171
126 161 171
126 181 177
126 230 191
126 249 189
126 252 166
126 258 197
126 286 184
126 303 162
126 359 186
127 13 196
127 15 191
127 40 172
127 61 192
127 76 164
127 108 174
127 132 162
127 173 176
127 176 172
127 178 175
127 188 181
127 210 170
127 211 195
127 236 166
127 241 198
127 289 194
127 291 162
127 300 186
127 305 165
127 326 181
128 1 162
128 45 184
128 67 169
128 109 174
128 122 187
128 159 183
128 166 198
128 181 164
128 204 166
128 224 188
128 247 178
128 250 198
128 287 188
128 292 198
128 330 184
128 342 173
128 351 172
128 356 176
129 10 175
129 16 177
129 54 183
129 65 191
129 75 173
129 107 192
129 132 191
129 147 174
129 187 183
129 245 176
129 251 173
129 257 184
129 261 191
129 262 168
129 271 189
129 334 190
130 4 186
130 11 170
130 13 190
130 17 188
130 41 188
130 56 166
130 59 174
130 66 184
130 78 190
130 88 183
130 89 163
130 101 190
130 106 173
130 110 192
130 131 178
130 172 189
130 208 180
130 229 173
130 231 187
130 236 194
130 269 166
130 279 186
130 286 163
130 303 167
130 309 166
130 326 173
130 339 194
131 9 185
131 33 186
131 63 185
131 67 177
131 94 194
131 102 192
131 143 170
131 152 181
131 213 176
131 241 174
131 270 178
131 276 193
131 283 192
131 326 189
131 333 173
131 352 180
132 26 167
132 59 175
132 73 174
132 75 173
132 90 196
132 119 162
132 124 192
132 150 175
132 167 186
132 170 186
132 174 170
132 186 184
132 219 162
132 266 166
132 272 195
132 276 184
132 298 169
132 348 191
133 3 187
133 4 164
133 13 164
133 106 185
133 111 179
133 121 182
133 122 190
133 138 198
133 163 197
133 178 182
133 183 171
133 205 163
133 244 175
133 257 194
133 258 171
133 264 187
133 273 183
133 287 176
133 288 192
133 291 175
133 293 169
133 295 189
133 297 166
133 301 184
133 307 173
133 319 187
134 4 196
134 13 169
134 21 182
134 60 187
134 78 170
134 84 165
134 90 191
134 103 170
134 113 191
134 120 194
134 180 166
134 202 167
134 217 182
134 219 178
134 225 182
134 262 172
134 298 197
134 308 165
134 323 162
135 20 190
135 45 184
135 53 185
135 61 184
135 63 175
135 105 163
135 142 185
135 154 191
135 155 182
135 160 189
135 205 174
135 207 186
135 209 165
135 218 169
135 314 188
135 339 180
135 352 175
136 8 190
136 61 173
136 67 165
136 68 170
136 84 162
136 106 167
136 108 195
136 119 196
136 178 173
136 180 181
136 182 198
136 198 181
136 213 177
136 221 177
136 230 175
136 235 171
136 260 197
136 265 193
136 272 195
136 282 178
136 290 190
136 354 190
136 359 167
137 2 173
137 16 195
137 21 197
137 30 180
137 38 180
137 47 181
137 57 170
137 130 170
137 174 174
137 179 195
137 210 172
137 231 173
137 251 179
137 258 168
137 283 187
137 298 163
137 308 172
137 319 178
137 329 173
137 340 179
137 358 186
138 10 184
138 50 192
138 71 168
138 74 190
138 96 182
138 99 195
138 106 173
138 124 189
138 141 193
138 168 191
138 170 162
138 173 178
138 205 167
138 213 173
138 233 184
138 239 184
138 245 171
138 319 177
139 7 183
139 13 172
139 26 193
139 50 167
139 71 166
139 166 170
139 191 165
139 207 183
139 208 162
139 239 169
139 258 163
139 270 177
139 276 191
139 293 191
139 312 192
139 320 177
139 351 197
140 27 190
140 45 172
140 88 183
140 128 185
140 137 191
140 159 175
140 164 176
140 189 176
140 190 198
140 191 168
140 203 171
140 208 179
140 221 165
140 225 179
140 267 182
140 297 178
140 338 169
141 31 173
141 69 166
141 72 186
141 91 190
141 92 165
141 93 193
141 126 174
141 155 178
141 164 169
141 167 183
141 175 170
141 221 198
141 261 195
141 264 174
141 315 196
141 321 165
141 330 178
141 341 187
141 343 169
141 344 188
142 13 171
142 67 184
142 78 164
142 104 178
142 165 196
142 199 189
142 209 176
142 223 163
142 236 186
142 237 192
142 246 188
142 291 183
142 292 179
142 305 189
142 341 180
142 355 169
142 356 191
143 9 183
143 23 170
143 27 166
143 70 168
143 73 174
143 86 185
143 161 183
143 183 172
143 200 194
143 204 179
143 257 184
143 308 177
143 339 193
143 350 196
144 7 165
144 42 195
144 47 173
144 52 171
144 60 164
144 97 195
144 121 174
144 145 172
144 146 168
144 151 169
144 154 180
144 168 198
144 208 164
144 242 197
144 318 190
144 324 190
144 336 171
144 343 167
144 355 164
145 19 197
145 47 165
145 69 178
145 89 195
145 109 170
145 138 169
145 162 164
145 189 164
145 190 197
145 215 182
145 244 184
145 249 180
145 287 190
145 289 166
145 306 183
145 307 168
145 346 182
146 4 195
146 19 178
146 52 182
146 56 187
146 72 198
146 75 169
146 108 184
146 109 168
146 128 183
146 130 185
146 173 186
146 199 165
146 201 182
146 203 162
146 238 197
146 247 171
146 250 176
146 252 184
146 266 190
146 277 168
146 300 163
146 337 167
147 14 186
147 16 168
147 34 185
147 37 186
147 115 190
147 134 162
147 172 168
147 193 193
147 202 169
147 203 198
147 206 189
147 222 173
147 237 194
147 242 170
147 258 198
147 325 186
147 326 169
147 337 196
147 341 164
148 36 164
148 67 198
148 80 167
148 93 196
148 97 190
148 104 165
148 126 191
148 143 170
148 164 197
148 193 174
148 218 167
148 222 177
148 233 194
148 257 170
148 269 169
148 290 188
148 301 174
148 306 181
148 323 191
148 326 177
149 17 163
149 43 198
149 52 174
149 67 181
149 77 173
149 108 183
149 112 185
149 140 193
149 141 174
149 155 183
149 190 184
149 218 185
149 223 189
149 233 187
149 261 184
149 267 191
149 318 165
149 319 191
149 345 187
150 24 190
150 28 174
150 37 184
150 53 168
150 55 185
150 63 162
150 107 185
150 162 184
150 203 190
150 204 163
150 209 181
150 240 178
150 248 193
150 256 190
150 327 183
150 345 182
151 12 173
151 14 193
151 33 197
151 38 182
151 57 192
151 70 173
151 80 164
151 147 193
151 185 179
151 209 171
151 222 198
151 225 179
151 245 175
151 298 191
151 303 197
151 325 173
151 332 182
152 10 175
152 15 163
152 84 195
152 108 162
152 109 188
152 133 196
152 137 179
152 167 184
152 176 171
152 178 196
152 179 165
152 207 180
152 242 170
152 258 192
152 267 189
152 299 195
152 306 192
152 315 173
153 4 198
153 13 196
153 40 179
153 91 169
153 110 172
153 124 172
153 146 185
153 156 179
153 157 173
153 173 178
153 187 181
153 190 189
153 192 180
153 196 172
153 208 182
153 209 169
153 212 165
153 215 168
153 226 178
153 248 190
153 270 197
153 274 181
153 282 165
153 293 179
153 304 192
153 313 175
154 51 169
154 55 163
154 66 166
154 108 175
154 147 177
154 152 162
154 182 171
154 203 168
154 232 195
154 242 169
154 302 186
154 324 176
154 337 170
155 4 196
155 7 166
155 66 191
155 82 187
155 85 165
155 119 179
155 120 191
155 124 187
155 126 194
155 172 177
155 247 166
155 279 170
155 285 175
155 299 195
155 307 182
156 2 196
156 5 183
156 29 180
156 43 198
156 71 168
156 115 173
156 130 183
156 148 172
156 180 170
156 220 174
156 234 192
156 246 164
156 260 182
156 263 189
156 265 173
156 285 180
156 297 185
156 318 188
156 321 174
157 7 175
157 21 182
157 60 190
157 95 192
157 129 172
157 146 196
157 181 165
157 187 185
157 203 198
157 231 171
157 244 179
157 248 172
157 358 182
158 8 180
158 25 185
158 62 194
158 65 182
158 69 167
158 80 170
158 86 166
158 90 166
158 109 184
158 116 165
158 140 175
158 144 191
158 151 187
158 153 189
158 180 182
158 209 166
158 227 173
158 240 167
158 242 184
158 265 173
158 266 183
158 305 180
158 352 192
159 38 174
159 52 184
159 88 169
159 98 193
159 117 180
159 179 181
159 198 196
159 206 186
159 211 163
159 214 185
159 234 163
159 251 194
159 257 166
159 283 187
159 302 190
159 313 185
159 326 187
160 4 164
160 12 182
160 33 190
160 105 190
160 122 175
160 129 185
160 156 162
160 175 174
160 224 166
160 251 163
160 303 190
160 330 177
160 352 196
161 24 191
161 41 175
161 42 170
161 72 168
161 77 178
161 86 175
161 93 195
161 99 169
161 128 171
161 154 178
161 174 175
161 206 181
161 240 181
161 241 173
161 242 184
161 270 180
161 290 173
161 299 178
161 324 185
161 329 181
161 338 166
161 344 190
161 354 168
161 356 175
162 8 182
162 43 165
162 70 187
162 99 196
162 134 174
162 138 182
162 172 162
162 203 171
162 215 179
162 220 176
162 263 177
162 278 179
163 4 183
163 10 170
163 11 165
163 19 172
163 22 180
163 36 186
163 51 183
163 61 179
163 92 191
163 107 166
163 109 196
163 118 197
163 159 165
163 164 188
163 191 178
163 206 176
163 230 183
163 247 182
163 263 184
163 281 176
163 290 189
163 303 177
163 314 193
164 47 186
164 62 169
164 65 170
164 72 174
164 74 178
164 99 172
164 118 174
164 130 192
164 136 179
164 160 181
164 169 190
164 178 179
164 239 175
164 247 189
164 248 183
164 291 168
164 321 170
164 337 185
164 352 195
164 353 178
165 7 187
165 27 174
165 43 176
165 53 172
165 60 174
165 66 184
165 69 198
165 146 190
165 147 180
165 164 178
165 179 183
165 180 177
165 184 197
165 185 192
165 210 189
165 219 197
165 242 184
165 277 174
165 317 193
165 324 185
165 359 187
166 26 192
166 33 167
166 55 191
166 81 162
166 94 165
166 112 189
166 133 170
166 148 170
166 158 168
166 162 165
166 211 195
166 286 188
166 297 194
166 298 183
166 313 165
166 334 183
167 33 191
167 55 175
167 73 182
167 91 193
167 119 166
167 127 173
167 147 163
167 162 162
167 170 180
167 176 166
167 183 169
167 192 162
167 199 190
167 209 189
167 212 171
167 251 179
167 254 186
167 262 185
167 284 178
167 300 174
167 303 175
167 321 179
167 334 183
167 354 176
168 9 192
168 11 165
168 65 163
168 79 186
168 87 192
168 91 177
168 98 162
168 119 173
168 137 195
168 159 169
168 169 189
168 177 192
168 217 189
168 222 189
168 254 184
168 285 197
168 287 167
168 288 185
168 329 182
168 342 193
169 15 192
169 43 196
169 78 186
169 184 180
169 200 166
169 203 178
169 207 191
169 225 185
169 268 162
169 291 189
169 294 180
169 314 188
169 355 162
170 4 178
170 7 180
170 12 190
170 77 193
170 148 187
170 160 185
170 210 179
170 247 191
170 261 183
170 278 195
170 334 197
170 353 186
171 21 175
171 30 177
171 47 175
171 66 181
171 86 181
171 96 187
171 108 166
171 123 163
171 150 164
171 169 166
171 170 189
171 179 184
171 184 164
171 204 198
171 223 169
171 272 169
171 309 190
171 310 193
171 316 194
171 324 189
171 332 179
171 352 178
172 36 194
172 39 197
172 71 187
172 73 184
172 80 195
172 81 190
172 97 177
172 100 175
172 102 166
172 140 186
172 159 192
172 174 182
172 185 175
172 205 191
172 221 182
172 261 169
172 272 189
172 298 177
172 338 186
172 345 192
173 20 172
173 26 168
173 32 163
173 37 163
173 77 195
173 90 164
173 120 177
173 153 189
173 161 163
173 166 175
173 217 167
173 223 189
173 236 167
173 237 192
173 247 190
173 257 182
173 277 198
173 308 193
173 327 168
173 340 164
174 4 168
174 46 198
174 51 176
174 56 176
174 76 171
174 77 192
174 83 164
174 95 174
174 98 176
174 110 166
174 188 182
174 207 170
174 208 195
174 219 187
174 222 167
174 230 177
174 242 184
174 261 173
174 280 197
174 305 178
174 326 194
174 337 188
175 8 172
175 23 166
175 24 180
175 49 194
175 80 167
175 104 165
175 110 193
175 171 180
175 184 167
175 232 194
175 244 165
175 262 180
175 294 183
175 323 175
175 324 187
175 333 188
176 20 178
176 26 178
176 28 194
176 55 173
176 79 189
176 98 185
176 102 189
176 111 166
176 117 162
176 179 184
176 227 190
176 251 191
176 288 162
176 310 191
177 20 166
177 33 168
177 35 198
177 64 188
177 70 172
177 78 177
177 87 170
177 112 186
177 157 163
177 158 175
177 164 196
177 181 174
177 205 190
177 226 178
177 234 173
177 282 196
177 334 173
177 336 182
178 19 172
178 21 183
178 58 194
178 62 194
178 111 189
178 147 172
178 182 174
178 223 168
178 243 182
178 278 179
178 328 195
178 340 172
179 6 184
179 16 181
179 19 167
179 54 174
179 68 191
179 76 178
179 84 178
179 116 172
179 171 180
179 190 193
179 231 171
179 234 170
179 236 180
179 239 172
179 277 195
179 286 179
179 311 183
179 324 175
179 334 180
179 345 180
180 28 173
180 41 198
180 43 185
180 47 198
180 96 187
180 134 197
180 136 167
180 152 197
180 155 166
180 163 188
180 197 197
180 210 169
180 250 187
180 257 188
180 272 186
180 273 187
180 289 171
181 13 171
181 30 168
181 49 183
181 127 172
181 171 179
181 195 195
181 241 186
181 242 194
181 288 183
181 314 190
181 317 174
181 350 167
182 52 170
182 55 193
182 67 192
182 94 165
182 102 169
182 130 194
182 138 188
182 172 180
182 187 172
182 198 174
182 203 173
182 221 192
182 249 166
182 285 167
182 339 196
182 342 187
182 357 167
183 3 197
183 16 195
183 20 192
183 27 164
183 30 180
183 69 183
183 88 163
183 146 180
183 219 170
183 225 194
183 229 166
183 270 184
183 288 193
183 300 175
183 301 183
183 334 196
183 354 188
184 54 194
184 71 175
184 94 196
184 95 189
184 161 185
184 171 165
184 209 166
184 211 185
184 221 187
184 224 186
184 236 174
184 268 184
184 271 169
184 277 196
184 279 178
184 285 188
184 290 171
185 28 188
185 45 188
185 64 178
185 77 178
185 102 170
185 105 193
185 122 195
185 157 172
185 180 169
185 195 186
185 197 175
185 289 176
185 335 193
186 22 179
186 30 169
186 34 171
186 50 171
186 98 186
186 106 181
186 128 177
186 135 174
186 143 170
186 159 191
186 174 185
186 191 180
186 226 167
186 264 167
186 265 189
186 268 175
186 277 171
186 278 194
186 280 165
186 290 193
186 295 163
186 308 196
187 3 186
187 12 195
187 13 196
187 15 195
187 60 167
187 114 172
187 127 165
187 140 182
187 170 197
187 175 168
187 220 177
187 269 182
187 278 176
187 298 184
187 358 184
188 10 196
188 73 185
188 74 191
188 90 170
188 93 192
188 102 181
188 108 177
188 123 171
188 125 187
188 129 166
188 164 184
188 206 186
188 208 171
188 229 189
188 254 178
188 258 164
188 261 162
188 297 193
188 331 166
188 344 194
188 352 190
188 356 176
188 358 170
189 9 192
189 16 178
189 29 193
189 71 193
189 122 191
189 130 189
189 156 172
189 164 185
189 240 178
189 246 173
189 281 167
189 291 163
189 303 196
189 315 198
189 324 189
189 354 198
189 358 166
190 18 194
190 21 171
190 63 165
190 81 193
190 130 162
190 218 198
190 244 190
190 260 181
190 317 170
191 7 196
191 32 177
191 79 180
191 97 181
191 135 186
191 149 195
191 219 167
191 223 186
191 305 174
191 315 178
191 320 173
191 327 194
191 351 176
191 359 193
192 17 198
192 47 162
192 57 173
192 74 185
192 156 176
192 159 188
192 164 169
192 171 175
192 213 186
192 222 172
192 246 198
192 265 173
192 293 163
192 307 196
192 311 168
192 322 164
192 353 191
192 358 183
193 6 165
193 8 165
193 53 170
193 62 182
193 89 188
193 94 190
193 121 183
193 123 179
193 134 197
193 168 172
193 181 196
193 184 189
193 204 189
193 224 190
193 255 185
193 262 178
193 267 194
193 290 167
193 330 187
194 44 194
194 60 173
194 66 170
194 102 182
194 122 187
194 143 193
194 155 183
194 158 167
194 172 170
194 191 197
194 231 162
194 241 174
194 257 171
194 270 191
194 280 185
194 289 197
194 321 187
194 336 194
194 351 177
194 353 178
195 50 191
195 53 169
195 55 165
195 114 174
195 123 169
195 132 182
195 136 196
195 160 166
195 214 166
195 229 186
195 239 168
195 327 167
196 2 190
196 21 179
196 43 178
196 47 194
196 68 180
196 84 180
196 107 197
196 126 196
196 152 179
196 172 164
196 175 167
196 176 171
196 205 181
196 214 164
196 226 163
196 255 197
196 311 179
197 20 178
197 36 187
197 52 179
197 66 162
197 89 177
197 93 175
197 118 176
197 119 188
197 133 193
197 204 170
197 219 162
197 221 162
197 230 170
197 249 191
197 262 171
197 310 188
197 352 175
198 0 163
198 5 197
198 8 193
198 9 167
198 23 190
198 27 162
198 36 185
198 56 173
198 121 190
198 124 185
198 132 176
198 133 163
198 145 165
198 167 182
198 209 175
198 239 166
198 279 163
198 282 164
198 314 187
198 324 198
198 337 191
198 359 180
199 34 198
199 64 197
199 105 172
199 112 173
199 117 185
199 129 191
199 134 164
199 155 164
199 178 184
199 208 188
199 212 162
199 247 170
199 250 195
199 251 198
199 276 165
199 280 175
199 294 177
199 337 173
200 7 173
200 17 190
200 31 196
200 34 185
200 38 181
200 53 192
200 100 191
200 113 166
200 135 177
200 144 168
200 153 164
200 156 178
200 209 194
200 228 183
200 240 183
200 273 182
200 330 167
200 351 190
201 19 187
201 23 163
201 36 162
201 54 173
201 61 183
201 97 181
201 110 178
201 118 169
201 139 196
201 160 167
201 165 166
201 204 172
201 219 166
201 220 169
201 249 168
201 273 188
201 276 190
201 286 191
201 296 188
201 309 182
201 355 173
201 357 173
202 48 184
202 68 183
202 87 185
202 94 164
202 161 189
202 173 173
202 174 177
202 177 172
202 187 177
202 213 187
202 227 197
202 233 178
202 245 180
202 248 166
202 258 193
202 267 176
202 275 166
202 293 179
202 343 185
203 41 197
203 56 172
203 69 166
203 70 186
203 89 190
203 102 168
203 150 167
203 159 164
203 166 176
203 196 182
203 215 162
203 226 173
203 247 192
203 261 191
203 337 167
203 343 180
204 7 181
204 11 168
204 19 178
204 38 172
204 40 175
204 61 166
204 78 183
204 96 184
204 150 170
204 166 193
204 172 183
204 174 168
204 177 179
204 181 191
204 184 181
204 210 182
204 217 187
204 227 162
204 248 177
204 310 167
204 353 166
205 7 181
205 26 172
205 51 194
205 58 194
205 150 194
205 184 167
205 192 179
205 193 187
205 213 171
205 253 187
205 295 166
205 298 183
205 330 184
206 8 198
206 55 179
206 82 174
206 84 191
206 93 188
206 103 176
206 123 165
206 125 182
206 161 184
206 166 169
206 181 190
206 183 168
206 229 193
206 248 190
206 259 170
206 321 172
206 326 188
206 339 178
206 350 165
206 352 166
207 10 192
207 11 197
207 50 172
207 82 162
207 115 170
207 116 179
207 151 171
207 165 167
207 184 184
207 215 186
207 231 182
207 267 183
207 278 167
207 297 162
207 303 188
208 29 188
208 36 178
208 66 173
208 73 197
208 74 170
208 78 169
208 103 182
208 112 188
208 122 192
208 124 171
208 154 172
208 186 197
208 187 195
208 194 190
208 230 167
208 304 177
209 3 164
209 35 171
209 66 186
209 77 183
209 133 164
209 154 164
209 164 167
209 184 189
209 194 173
209 211 196
209 227 192
209 233 162
209 247 193
209 253 182
209 283 178
209 298 171
209 316 180
209 331 195
209 332 165
209 343 178
209 344 198
210 44 194
210 48 163
210 55 181
210 66 168
210 80 193
210 90 182
210 94 186
210 124 185
210 128 170
210 130 179
210 148 184
210 157 198
210 165 183
210 166 189
210 168 163
210 181 192
210 183 177
210 195 189
210 235 170
210 238 192
210 239 166
210 245 185
210 256 171
210 269 177
210 270 193
210 276 171
210 278 177
210 300 176
210 315 181
210 345 195
211 32 185
211 33 173
211 60 188
211 83 182
211 96 171
211 108 185
211 171 191
211 200 176
211 228 175
211 239 194
211 252 166
211 255 172
211 259 197
211 283 184
212 33 166
212 54 185
212 59 194
212 66 189
212 73 192
212 82 177
212 88 168
212 110 177
212 115 172
212 153 181
212 176 175
212 194 177
212 200 190
212 245 178
212 252 170
212 287 166
212 301 178
212 306 184
212 325 168
213 26 167
213 51 177
213 56 195
213 80 184
213 83 189
213 91 194
213 137 166
213 141 171
213 145 181
213 176 172
213 184 173
213 198 167
213 212 176
213 219 177
213 226 165
213 237 170
213 245 178
213 256 167
213 260 162
213 277 177
213 297 183
213 303 165
213 305 162
213 318 170
213 345 184
213 349 172
214 3 186
214 21 193
214 46 176
214 53 178
214 86 198
214 96 192
214 103 179
214 114 182
214 174 173
214 219 172
214 232 198
214 262 177
214 269 186
214 290 181
214 315 187
214 345 169
214 350 165
214 357 162
215 37 185
215 78 166
215 103 193
215 143 195
215 144 188
215 155 166
215 176 177
215 187 185
215 194 163
215 234 188
215 284 164
215 287 196
215 318 176
215 325 192
215 328 197
215 334 170
216 0 177
216 8 173
216 21 192
216 31 167
216 42 188
216 44 162
216 62 190
216 72 179
216 76 190
216 85 164
216 92 169
216 97 162
216 103 164
216 136 165
216 150 180
216 160 196
216 187 186
216 203 196
216 206 182
216 229 178
216 241 172
216 246 196
216 338 185
216 344 174
217 33 180
217 58 163
217 78 187
217 85 180
217 90 190
217 138 180
217 157 169
217 171 186
217 214 197
217 216 193
217 220 186
217 233 177
217 242 169
217 278 165
217 283 163
217 284 188
217 327 192
217 333 187
217 354 175
218 7 190
218 8 193
218 11 179
218 20 176
218 21 194
218 23 190
218 77 197
218 82 176
218 85 174
218 110 193
218 163 164
218 180 180
218 182 167
218 206 175
218 255 194
218 278 188
218 285 184
218 311 180
218 335 186
218 340 198
218 344 190
218 345 191
219 25 162
219 39 184
219 45 192
219 48 183
219 55 179
219 65 168
219 77 195
219 98 198
219 149 164
219 151 171
219 200 169
219 221 193
219 236 165
219 266 194
219 300 198
219 306 175
219 348 174
219 349 165
219 350 169
220 1 169
220 25 191
220 71 182
220 75 181
220 82 190
220 100 176
220 110 191
220 185 191
220 228 184
220 240 171
220 252 168
220 295 168
220 313 175
220 344 178
221 1 192
221 5 173
221 42 166
221 46 195
221 59 171
221 81 184
221 117 194
221 120 190
221 141 175
221 196 173
221 204 179
221 211 175
221 232 196
221 267 178
221 274 184
221 278 192
221 293 192
221 298 172
221 300 167
221 319 170
221 323 163
221 350 192
222 1 174
222 21 191
222 35 181
222 40 195
222 43 194
222 80 162
222 100 169
222 101 194
222 185 195
222 208 180
222 242 163
222 267 189
222 272 165
222 279 177
222 281 184
222 286 185
222 345 189
222 356 165
223 68 172
223 74 168
223 99 195
223 102 165
223 120 167
223 124 180
223 148 163
223 149 175
223 156 172
223 170 183
223 177 184
223 192 188
223 206 169
223 209 193
223 242 166
223 291 182
224 13 173
224 15 198
224 26 176
224 32 196
224 48 186
224 49 186
224 123 193
224 136 198
224 176 164
224 181 167
224 192 163
224 255 176
224 261 179
224 268 165
224 277 171
224 319 177
224 321 175
224 323 186
224 334 169
225 44 196
225 45 172
225 47 163
225 62 184
225 66 183
225 74 180
225 104 190
225 111 179
225 116 171
225 123 167
225 134 183
225 197 186
225 212 179
225 218 182
225 243 182
225 266 163
225 276 193
225 342 169
225 347 165
225 355 164
225 358 197
226 0 167
226 3 182
226 19 184
226 29 179
226 33 165
226 47 167
226 51 188
226 62 165
226 113 196
226 149 190
226 154 175
226 159 172
226 207 186
226 220 170
226 238 172
226 249 193
226 287 196
226 289 189
226 308 184
226 327 169
226 358 176
226 359 165
227 10 162
227 39 178
227 77 162
227 84 179
227 92 195
227 152 178
227 187 162
227 211 184
227 225 196
227 237 194
227 297 165
227 299 162
227 314 196
227 329 167
227 334 168
227 357 198
227 359 188
228 4 168
228 46 194
228 91 175
228 108 171
228 119 193
228 131 184
228 170 189
228 232 194
228 260 168
228 278 192
228 286 182
228 295 167
228 299 195
228 342 198
228 348 164
229 10 187
229 56 191
229 59 171
229 121 171
229 137 194
229 156 165
229 168 193
229 188 174
229 219 168
229 242 162
229 266 164
229 301 176
229 313 177
229 336 171
229 346 187
229 347 163
230 24 191
230 52 166
230 53 168
230 56 193
230 93 197
230 141 170
230 154 164
230 171 198
230 184 177
230 229 189
230 243 164
230 315 194
230 320 198
231 31 195
231 66 169
231 85 177
231 87 191
231 95 175
231 101 185
231 108 197
231 118 182
231 159 190
231 178 192
231 220 189
231 238 164
231 255 191
231 262 173
231 279 183
231 310 168
231 330 186
231 339 165
231 343 182
232 40 164
232 61 184
232 68 182
232 78 185
232 90 191
232 113 162
232 115 188
232 117 178
232 163 189
232 166 173
232 175 197
232 183 185
232 189 198
232 217 177
232 223 172
232 230 174
232 271 172
232 272 169
232 274 177
232 275 173
232 285 174
233 4 181
233 51 182
233 58 169
233 110 183
233 114 167
233 146 191
233 150 189
233 159 167
233 172 176
233 185 196
233 203 168
233 211 192
233 213 189
233 223 165
233 237 189
233 246 191
233 250 169
233 300 177
233 318 182
234 31 162
234 33 187
234 36 180
234 87 166
234 97 195
234 130 195
234 146 179
234 151 187
234 172 175
234 184 189
234 187 192
234 223 182
234 233 164
234 286 185
234 291 163
234 295 176
234 300 166
234 315 195
234 318 168
235 29 169
235 68 170
235 80 172
235 81 192
235 90 175
235 100 166
235 113 187
235 118 190
235 150 198
235 177 163
235 186 198
235 187 178
235 194 163
235 200 188
235 204 195
235 206 198
235 254 180
235 274 194
235 326 175
235 331 172
236 27 178
236 83 191
236 93 179
236 96 175
236 101 179
236 103 183
236 130 172
236 155 178
236 170 166
236 176 195
236 191 177
236 209 169
236 218 180
236 271 181
236 276 193
236 300 182
236 302 185
236 314 198
236 343 195
236 355 186
236 357 173
237 7 175
237 12 198
237 65 170
237 76 192
237 91 181
237 125 162
237 139 185
237 141 166
237 159 163
237 165 162
237 166 191
237 171 177
237 197 178
237 220 190
237 251 185
237 262 191
237 292 177
237 311 176
237 323 166
237 345 177
237 351 166
238 17 183
238 20 195
238 40 172
238 66 179
238 140 192
238 147 165
238 198 184
238 240 172
238 249 187
238 282 162
238 350 163
239 6 174
239 28 163
239 35 176
239 45 177
239 46 185
239 67 193
239 83 195
239 104 162
239 186 170
239 210 181
239 259 162
239 273 165
239 318 165
239 335 177
240 28 197
240 40 162
240 99 177
240 114 168
240 207 188
240 208 178
240 215 175
240 263 196
240 274 183
240 308 179
240 318 166
240 348 186
240 350 187
240 354 181
241 0 191
241 2 177
241 17 182
241 20 163
241 21 197
241 54 178
241 57 179
241 58 177
241 138 196
241 141 171
241 164 195
241 201 187
241 209 176
241 214 181
241 221 170
241 271 175
241 285 198
241 288 163
241 320 173
241 351 196
242 4 182
242 35 187
242 49 163
242 58 176
242 82 170
242 83 186
242 116 163
242 125 176
242 131 167
242 154 179
242 158 171
242 175 183
242 189 165
242 197 190
242 207 185
242 210 189
242 224 165
242 232 183
242 237 191
242 272 162
242 297 183
242 308 171
242 319 195
242 336 194
243 2 198
243 39 175
243 40 181
243 54 166
243 115 187
243 131 164
243 132 193
243 158 193
243 160 167
243 176 167
243 220 189
243 225 198
243 231 175
243 238 171
243 278 193
243 281 184
243 295 193
243 310 162
243 317 163
243 329 178
243 332 165
243 336 175
243 348 174
244 8 193
244 51 162
244 73 169
244 74 168
244 80 183
244 89 187
244 126 162
244 137 185
244 171 189
244 189 170
244 239 190
244 263 182
244 283 176
244 304 174
244 325 182
244 328 187
244 342 183
244 344 164
244 359 166
245 21 178
245 25 190
245 48 174
245 61 197
245 68 186
245 71 185
245 74 181
245 84 182
245 108 179
245 125 166
245 204 183
245 227 169
245 229 171
245 259 171
245 286 185
245 300 174
245 309 193
245 323 196
245 327 191
245 336 166
246 4 180
246 51 176
246 82 172
246 104 177
246 109 177
246 114 164
246 115 172
246 134 169
246 153 174
246 208 164
246 214 197
246 226 196
246 309 182
246 338 174
246 339 164
246 351 184
247 24 192
247 39 189
247 44 181
247 45 172
247 50 164
247 94 189
247 115 186
247 140 195
247 156 187
247 180 198
247 197 189
247 198 183
247 206 173
247 213 197
247 225 163
247 234 165
247 256 189
247 273 180
247 283 189
247 309 163
247 317 189
247 329 194
247 337 184
247 348 162
248 0 183
248 14 181
248 33 173
248 47 178
248 51 173
248 61 163
248 62 178
248 92 198
248 116 188
248 147 195
248 220 169
248 226 185
248 236 172
248 261 193
248 263 173
248 288 169
248 309 178
248 323 195
248 328 164
248 331 169
248 339 195
249 19 167
249 24 197
249 83 172
249 95 165
249 112 171
249 119 183
249 122 167
249 123 162
249 161 177
249 216 198
249 227 186
249 253 163
249 259 190
249 268 165
249 296 172
249 340 162
249 348 197
250 6 188
250 26 173
250 30 191
250 31 188
250 37 175
250 55 186
250 65 174
250 80 168
250 85 194
250 91 198
250 94 178
250 96 180
250 122 188
250 137 175
250 153 170
250 183 171
250 185 164
250 200 186
250 216 175
250 223 189
250 232 178
250 273 162
250 320 167
251 0 169
251 17 163
251 44 183
251 49 179
251 111 187
251 118 187
251 123 190
251 128 193
251 138 197
251 139 197
251 141 162
251 148 181
251 163 183
251 196 191
251 236 174
251 239 192
251 242 172
251 253 183
251 266 167
251 278 194
251 317 193
251 327 181
251 335 163
251 336 162
251 353 187
252 81 186
252 128 177
252 144 186
252 148 195
252 164 182
252 195 182
252 202 181
252 211 184
252 262 185
252 266 194
252 293 172
252 314 177
252 321 189
252 337 182
252 354 185
253 20 183
253 28 179
253 48 183
253 61 181
253 87 179
253 100 188
253 128 169
253 145 174
253 146 169
253 184 171
253 188 171
253 210 172
253 220 190
253 233 171
253 234 183
253 243 173
253 261 181
253 269 172
253 274 196
253 303 163
253 306 174
253 309 183
253 318 173
254 9 178
254 11 165
254 14 177
254 60 183
254 64 187
254 92 173
254 110 184
254 126 172
254 133 165
254 142 193
254 154 167
254 200 172
254 219 189
254 245 178
254 250 164
254 252 175
254 255 171
254 285 189
254 296 180
254 308 176
254 311 163
254 313 196
254 359 175
255 22 186
255 28 193
255 40 171
255 84 172
255 98 174
255 101 175
255 102 173
255 129 195
255 130 162
255 139 187
255 145 175
255 189 172
255 193 162
255 201 175
255 212 175
255 216 166
255 293 188
255 333 184
256 20 167
256 56 193
256 163 165
256 178 183
256 182 189
256 187 166
256 230 190
256 233 169
256 247 189
256 252 177
256 254 179
256 260 170
256 330 173
256 341 192
256 346 191
257 22 189
257 61 185
257 76 171
257 122 166
257 172 190
257 186 185
257 193 186
257 214 174
257 223 175
257 239 177
257 291 166
257 294 190
257 305 186
257 333 192
257 338 168
257 341 176
258 4 170
258 30 166
258 48 183
258 53 177
258 105 169
258 132 163
258 159 171
258 172 166
258 204 175
258 213 197
258 237 181
258 254 191
258 280 174
258 294 185
258 301 190
258 307 167
258 311 194
258 315 179
258 318 195
258 352 178
258 354 184
259 8 198
259 17 191
259 21 170
259 39 172
259 49 193
259 86 168
259 120 193
259 142 190
259 155 184
259 168 165
259 174 187
259 210 174
259 222 177
259 236 194
259 275 180
259 294 179
259 312 177
259 317 172
259 340 176
259 345 179
260 15 182
260 36 182
260 52 186
260 75 170
260 114 193
260 122 175
260 147 180
260 159 196
260 185 197
260 190 188
260 212 183
260 241 183
260 263 186
260 314 165
261 5 168
261 40 189
261 42 171
261 47 195
261 55 179
261 73 177
261 82 187
261 101 165
261 132 195
261 140 173
261 165 175
261 178 171
261 195 198
261 198 162
261 215 182
261 230 179
261 233 168
261 242 198
261 253 187
261 265 185
261 281 168
261 283 163
261 295 168
261 299 167
261 323 165
261 350 172
262 12 171
262 18 196
262 20 194
262 78 181
262 106 185
262 130 164
262 182 189
262 187 195
262 201 185
262 217 165
262 238 187
262 284 180
262 288 162
262 302 187
262 308 163
262 312 173
262 331 198
263 6 175
263 27 185
263 37 176
263 103 186
263 107 194
263 127 177
263 161 183
263 166 166
263 180 181
263 183 187
263 185 183
263 187 196
263 208 180
263 226 191
263 249 195
263 264 195
263 279 168
263 296 194
263 334 184
263 349 172
264 21 166
264 40 195
264 65 194
264 70 177
264 73 191
264 106 178
264 136 179
264 155 189
264 213 167
264 228 166
264 241 166
264 265 197
264 284 165
264 305 196
265 12 169
265 18 172
265 19 165
265 55 176
265 72 189
265 76 175
265 80 167
265 82 193
265 119 167
265 134 166
265 147 193
265 153 177
265 185 166
265 201 176
265 209 180
265 213 175
265 239 196
265 262 180
266 20 197
266 50 173
266 60 197
266 63 192
266 65 197
266 69 168
266 78 198
266 91 173
266 93 174
266 98 183
266 104 165
266 111 177
266 127 194
266 146 189
266 184 171
266 193 178
266 205 174
266 233 165
266 258 179
266 268 176
266 285 197
266 292 197
266 304 178
266 323 190
266 345 176
267 1 174
267 13 177
267 23 177
267 67 177
267 73 179
267 86 178
267 116 194
267 127 164
267 131 181
267 144 176
267 201 173
267 240 187
267 257 177
267 259 180
267 270 189
267 289 171
267 337 182
268 6 163
268 24 188
268 64 181
268 91 168
268 105 175
268 150 172
268 164 182
268 226 198
268 228 179
268 229 178
268 254 176
268 274 192
268 281 186
268 284 186
268 294 176
268 311 180
268 319 190
268 325 192
268 354 187
268 355 162
269 31 179
269 32 179
269 50 167
269 54 187
269 103 198
269 185 186
269 207 189
269 229 191
269 236 176
269 291 198
269 301 162
269 306 198
270 3 169
270 39 174
270 65 173
270 68 193
270 78 186
270 90 167
270 94 166
270 99 176
270 116 181
270 136 197
270 138 168
270 139 187
270 159 181
270 166 177
270 189 172
270 193 182
270 199 196
270 215 190
270 235 192
270 287 191
270 331 172
271 16 186
271 26 174
271 56 180
271 66 196
271 123 178
271 141 194
271 155 168
271 162 165
271 172 162
271 189 195
271 218 190
271 228 177
271 239 174
271 252 195
271 260 192
271 265 195
271 279 186
271 289 168
271 294 188
272 34 187
272 45 174
272 50 198
272 53 182
272 54 178
272 139 190
272 142 188
272 146 178
272 157 192
272 166 168
272 169 164
272 194 164
272 196 177
272 243 170
272 340 180
272 345 165
273 10 189
273 21 186
273 54 182
273 55 173
273 80 189
273 83 171
273 134 179
273 156 185
273 187 183
273 191 192
273 208 179
273 213 173
273 218 196
273 236 171
273 285 197
273 288 195
273 292 181
273 308 163
273 320 172
273 352 168
273 353 196
274 26 173
274 31 186
274 45 178
274 55 181
274 59 165
274 99 167
274 110 173
274 116 194
274 130 178
274 147 187
274 152 194
274 203 187
274 214 185
274 304 186
274 309 196
274 312 162
274 313 187
275 54 169
275 67 188
275 74 187
275 160 188
275 175 194
275 194 165
275 198 196
275 219 168
275 265 191
275 277 185
276 36 174
276 92 165
276 93 180
276 106 169
276 139 188
276 150 197
276 162 165
276 170 177
276 179 185
276 184 194
276 239 190
276 270 182
276 275 162
276 357 167
277 33 163
277 73 186
277 99 179
277 135 195
277 168 181
277 179 191
277 187 170
277 202 184
277 203 163
277 207 167
277 212 187
277 314 178
277 351 197
278 4 194
278 15 191
278 21 164
278 54 193
278 57 172
278 71 175
278 76 183
278 88 167
278 107 186
278 108 167
278 109 190
278 192 183
278 205 167
278 217 170
278 245 168
278 263 179
278 280 185
278 294 176
278 301 177
278 302 189
278 316 190
278 327 195
278 332 196
278 339 194
279 2 192
279 24 167
279 58 171
279 68 191
279 80 164
279 104 166
279 114 164
279 156 169
279 161 187
279 169 162
279 199 166
279 217 175
279 272 197
279 281 169
279 290 164
279 330 198
279 346 188
280 82 198
280 148 179
280 177 179
280 186 169
280 211 183
280 243 190
280 250 163
280 322 165
280 333 177
280 344 168
281 10 188
281 27 184
281 51 166
281 52 177
281 94 195
281 111 197
281 147 185
281 212 171
281 225 187
281 227 170
281 231 195
281 246 182
281 302 180
281 303 187
281 334 165
281 335 174
282 28 190
282 65 163
282 73 169
282 74 166
282 77 176
282 94 168
282 103 185
282 111 168
282 126 176
282 149 183
282 159 188
282 161 180
282 200 178
282 215 181
282 219 164
282 223 198
282 253 198
282 257 195
282 265 175
282 290 183
282 304 183
282 350 170
283 2 163
283 8 167
283 26 167
283 30 165
283 56 196
283 100 177
283 124 186
283 135 165
283 137 194
283 147 183
283 171 167
283 183 190
283 210 196
283 213 190
283 240 166
283 242 180
283 245 194
283 249 166
283 268 175
283 277 184
283 291 175
283 334 178
283 336 176
284 28 172
284 56 191
284 65 187
284 68 178
284 70 178
284 88 180
284 99 173
284 116 196
284 127 187
284 137 176
284 139 176
284 157 171
284 165 194
284 171 173
284 176 191
284 179 181
284 215 192
284 220 165
284 255 191
284 288 197
284 306 174
284 330 197
284 331 185
284 348 164
284 355 197
285 13 189
285 14 184
285 49 182
285 58 177
285 61 189
285 63 170
285 64 178
285 71 193
285 85 162
285 101 192
285 102 177
285 140 162
285 161 182
285 167 181
285 187 192
285 193 197
285 195 181
285 212 171
285 213 196
285 281 185
285 350 198
286 7 183
286 21 165
286 34 166
286 45 181
286 48 194
286 91 172
286 111 166
286 129 178
286 143 178
286 174 179
286 181 190
286 184 196
286 189 176
286 207 186
286 274 165
286 287 169
287 20 186
287 24 165
287 62 170
287 64 163
287 81 170
287 82 171
287 109 189
287 124 165
287 130 175
287 138 162
287 160 164
287 250 172
287 270 184
287 279 196
287 338 178
288 2 188
288 18 171
288 21 175
288 51 169
288 54 188
288 81 187
288 143 183
288 144 189
288 149 178
288 167 198
288 169 164
288 172 196
288 184 188
288 189 193
288 190 197
288 192 187
288 193 184
288 226 187
288 251 168
288 255 166
288 272 184
288 298 188
288 302 167
289 3 164
289 24 198
289 29 186
289 30 187
289 61 193
289 79 192
289 95 162
289 110 192
289 139 166
289 171 173
289 188 189
289 212 171
289 243 164
289 258 171
289 273 175
289 290 198
289 321 164
289 323 182
289 328 194
289 349 198
290 4 196
290 27 184
290 51 195
290 58 183
290 61 188
290 64 164
290 101 173
290 103 169
290 119 190
290 125 184
290 137 187
290 138 163
290 156 163
290 175 185
290 182 182
290 211 193
290 247 191
290 266 184
290 278 185
290 299 190
290 304 167
290 311 176
290 358 186
291 21 185
291 50 188
291 64 183
291 79 162
291 90 168
291 93 176
291 114 165
291 144 162
291 150 174
291 162 163
291 163 177
291 165 162
291 175 171
291 225 188
291 230 198
291 258 166
291 274 167
291 289 186
291 309 162
291 320 192
291 340 188
292 2 169
292 13 190
292 34 163
292 36 187
292 41 174
292 75 165
292 103 188
292 125 198
292 159 188
292 176 190
292 180 184
292 183 163
292 198 172
292 209 183
292 212 164
292 223 165
292 227 198
292 235 173
292 236 178
292 262 187
292 342 198
293 21 173
293 33 167
293 49 188
293 77 184
293 95 189
293 120 176
293 125 168
293 134 178
293 163 185
293 173 197
293 198 186
293 248 175
293 260 191
293 284 190
293 298 164
293 305 169
294 27 198
294 68 169
294 85 181
294 98 186
294 109 194
294 141 162
294 152 170
294 211 183
294 215 163
294 230 181
294 266 192
294 293 191
294 321 191
294 330 178
295 1 180
295 6 185
295 14 189
295 35 193
295 42 179
295 83 172
295 117 173
295 120 178
295 150 197
295 180 183
295 203 192
295 238 196
295 269 193
295 318 185
295 323 175
295 331 176
295 338 163
295 344 194
296 7 164
296 40 173
296 73 172
296 74 172
296 83 169
296 103 177
296 124 175
296 126 180
296 167 178
296 171 178
296 214 173
296 217 173
296 256 192
296 260 180
296 292 179
296 308 192
296 309 164
297 11 190
297 60 186
297 61 192
297 79 195
297 120 171
297 134 188
297 152 189
297 155 163
297 173 177
297 175 164
297 177 170
297 207 166
297 228 196
297 232 190
297 239 178
297 308 190
297 332 167
297 356 198
298 7 170
298 19 176
298 21 188
298 34 166
298 38 197
298 105 162
298 132 173
298 174 192
298 217 181
298 240 168
298 272 187
298 289 164
298 311 195
298 320 178
298 326 179
298 329 182
298 351 174
299 63 191
299 79 185
299 86 171
299 91 167
299 102 197
299 135 182
299 155 198
299 164 168
299 237 177
299 242 194
299 249 187
299 272 195
299 280 177
300 11 189
300 54 168
300 69 174
300 70 174
300 73 191
300 84 191
300 108 197
300 132 198
300 139 194
300 158 186
300 178 194
300 205 179
300 241 171
300 248 168
300 273 197
300 274 190
300 277 184
300 282 183
300 288 176
300 292 187
300 318 164
300 322 171
300 335 192
300 343 174
301 1 177
301 12 197
301 53 164
301 83 180
301 84 168
301 92 186
301 101 179
301 190 181
301 191 188
301 243 194
301 259 197
301 266 175
301 305 170
301 318 171
301 333 165
301 337 197
302 35 176
302 43 164
302 50 193
302 71 170
302 86 166
302 115 190
302 129 167
302 136 172
302 155 185
302 193 164
302 196 190
302 199 191
302 202 183
302 250 178
302 266 173
302 286 182
302 332 190
302 336 164
303 22 176
303 40 163
303 55 185
303 61 171
303 87 193
303 106 166
303 119 167
303 146 196
303 173 192
303 175 177
303 200 182
303 214 173
303 242 170
303 262 191
303 274 167
303 306 177
303 318 171
303 320 172
303 324 177
304 29 191
304 43 178
304 69 172
304 100 173
304 118 183
304 127 178
304 140 186
304 152 176
304 214 171
304 215 176
304 232 173
304 238 196
304 287 197
304 288 176
305 43 187
305 65 179
305 72 179
305 88 195
305 92 183
305 104 190
305 110 198
305 124 175
305 127 184
305 154 174
305 168 165
305 241 195
305 249 169
305 319 162
306 20 192
306 22 169
306 34 175
306 78 183
306 84 165
306 91 180
306 116 181
306 118 189
306 157 189
306 160 191
306 163 198
306 166 180
306 253 166
306 274 163
306 276 164
306 280 178
306 315 173
306 343 195
306 356 198
306 358 195
307 12 188
307 40 185
307 42 182
307 61 185
307 80 187
307 83 172
307 92 193
307 107 162
307 127 168
307 128 173
307 146 193
307 151 168
307 159 198
307 179 187
307 196 193
307 254 187
307 271 184
307 357 177
308 27 170
308 102 170
308 152 188
308 157 198
308 158 185
308 165 174
308 172 177
308 187 183
308 205 193
308 338 168
309 30 187
309 40 191
309 51 184
309 60 173
309 68 191
309 85 176
309 106 186
309 131 187
309 148 170
309 182 178
309 229 173
309 230 188
309 233 172
309 236 192
309 288 172
309 313 191
309 318 163
310 7 188
310 15 191
310 20 197
310 70 162
310 86 163
310 87 167
310 152 179
310 173 179
310 184 197
310 212 179
310 225 178
310 235 188
310 237 162
310 343 170
311 3 166
311 23 166
311 28 176
311 66 173
311 110 180
311 130 177
311 170 162
311 193 192
311 207 173
311 226 180
311 230 185
311 267 169
311 270 183
311 285 171
311 310 180
311 315 194
311 329 185
311 331 183
311 352 195
312 3 166
312 19 183
312 82 177
312 136 193
312 163 193
312 216 175
312 275 178
312 294 188
312 303 187
312 314 188
312 329 190
312 356 188
313 19 173
313 25 197
313 64 177
313 77 167
313 108 181
313 163 170
313 189 188
313 192 181
313 200 165
313 212 185
313 232 196
313 276 179
313 286 195
313 287 183
313 300 165
313 323 184
313 326 192
313 339 186
314 8 191
314 117 165
314 153 172
314 159 192
314 171 179
314 182 192
314 185 185
314 188 164
314 208 182
314 209 175
314 213 180
314 255 187
314 287 192
314 288 164
314 292 183
314 327 171
314 348 183
315 16 172
315 40 174
315 43 196
315 103 174
315 104 176
315 111 171
315 118 165
315 175 178
315 184 196
315 214 188
315 232 174
315 261 190
315 319 166
315 322 174
315 325 192
315 328 174
315 343 179
315 353 194
316 66 170
316 68 167
316 84 187
316 92 197
316 97 183
316 134 180
316 136 180
316 153 192
316 163 185
316 217 182
316 221 171
316 243 182
316 246 191
316 254 166
316 275 164
316 293 182
316 324 181
316 329 190
317 46 193
317 77 181
317 89 188
317 92 169
317 101 184
317 113 170
317 115 188
317 118 165
317 141 197
317 143 177
317 148 166
317 158 170
317 179 194
317 187 198
317 216 193
317 236 184
317 251 176
317 258 162
317 264 181
317 268 189
317 274 166
317 316 172
317 328 165
317 333 165
317 353 168
318 3 180
318 6 163
318 15 185
318 65 164
318 80 181
318 131 191
318 179 189
318 182 190
318 189 171
318 197 192
318 226 178
318 241 172
318 248 165
318 260 175
318 281 173
318 284 171
318 297 164
318 307 193
318 315 181
318 340 177
318 345 169
318 353 181
319 9 196
319 10 179
319 19 181
319 20 176
319 42 195
319 77 162
319 111 163
319 152 182
319 153 195
319 160 173
319 180 190
319 187 169
319 222 187
319 236 176
319 238 181
319 241 174
319 249 190
319 251 178
319 277 177
319 308 177
319 312 177
319 327 197
319 346 197
319 355 163
320 39 171
320 83 170
320 99 196
320 125 193
320 153 193
320 178 176
320 180 162
320 186 194
320 191 175
320 205 197
320 264 198
320 267 192
320 268 192
320 280 182
320 287 163
320 310 169
320 316 184
320 317 194
321 26 162
321 28 188
321 31 171
321 36 175
321 40 165
321 48 166
321 49 175
321 52 172
321 58 193
321 61 192
321 77 169
321 101 168
321 133 170
321 139 168
321 171 185
321 183 163
321 210 193
321 225 180
321 233 198
321 235 184
321 251 184
321 274 167
321 298 191
321 317 162
321 324 182
321 325 192
321 335 172
321 337 163
322 30 171
322 43 182
322 66 164
322 72 164
322 102 181
322 143 194
322 176 183
322 212 176
322 220 166
322 225 176
322 239 187
322 280 194
322 295 164
322 297 173
322 309 186
322 331 189
322 332 198
322 358 198
323 19 180
323 21 175
323 26 173
323 40 189
323 63 189
323 72 177
323 81 164
323 110 197
323 166 166
323 168 165
323 198 177
323 205 162
323 210 162
323 212 190
323 228 191
323 281 176
323 324 173
323 346 170
324 13 191
324 52 184
324 62 182
324 79 194
324 103 166
324 123 173
324 132 196
324 159 198
324 166 187
324 190 173
324 198 179
324 211 176
324 296 164
324 303 188
324 312 170
325 8 194
325 28 172
325 57 177
325 69 176
325 97 181
325 111 175
325 123 180
325 133 163
325 158 179
325 166 173
325 168 166
325 180 171
325 203 171
325 258 184
325 322 165
325 324 196
325 346 171
326 14 189
326 29 163
326 42 164
326 55 172
326 69 184
326 124 179
326 137 197
326 144 170
326 168 162
326 178 186
326 191 188
326 217 170
326 233 179
326 278 194
326 353 192
326 356 177
327 71 181
327 77 172
327 94 175
327 99 186
327 113 171
327 131 167
327 147 185
327 177 171
327 184 173
327 265 180
327 280 167
327 282 172
327 301 172
327 303 191
327 318 197
327 354 196
328 8 191
328 10 192
328 65 179
328 97 174
328 99 170
328 128 166
328 131 189
328 138 182
328 148 182
328 155 192
328 159 179
328 177 176
328 185 164
328 200 182
328 207 172
328 244 165
328 249 178
328 268 166
328 321 196
328 322 175
328 330 173
328 339 169
329 1 190
329 15 168
329 42 190
329 57 173
329 72 193
329 84 189
329 98 184
329 101 181
329 119 188
329 168 191
329 177 162
329 191 190
329 198 198
329 207 198
329 213 178
329 222 186
329 235 187
329 268 172
329 287 186
329 317 186
329 322 162
329 340 174
329 354 171
329 355 177
329 356 163
330 10 179
330 15 193
330 28 165
330 34 175
330 46 188
330 57 179
330 60 169
330 83 164
330 116 181
330 170 195
330 178 190
330 185 162
330 222 177
330 225 181
330 253 186
330 262 171
330 288 174
330 292 165
330 298 188
330 305 182
330 310 164
330 319 188
330 322 181
330 327 186
330 356 179
331 24 178
331 52 169
331 62 168
331 90 189
331 103 183
331 122 191
331 128 197
331 144 172
331 191 191
331 195 172
331 262 198
331 275 188
331 289 196
331 333 196
331 338 172
331 340 174
332 5 195
332 43 183
332 71 165
332 77 167
332 113 175
332 117 197
332 118 163
332 136 170
332 138 165
332 147 191
332 171 193
332 192 180
332 213 175
332 222 173
332 297 172
332 319 194
332 321 188
332 327 177
332 346 183
333 3 195
333 28 181
333 57 191
333 61 174
333 64 197
333 80 171
333 106 177
333 122 182
333 184 166
333 204 179
333 265 182
333 273 178
333 283 176
333 284 175
333 293 183
333 314 190
333 317 165
333 344 195
334 9 167
334 23 189
334 40 178
334 65 192
334 67 198
334 69 190
334 81 178
334 85 190
334 93 189
334 114 178
334 116 179
334 177 176
334 183 162
334 197 189
334 226 179
334 234 165
334 254 164
334 316 183
334 353 191
335 6 184
335 34 183
335 52 192
335 89 186
335 114 164
335 136 187
335 184 169
335 221 195
335 250 198
335 348 179
336 22 198
336 34 164
336 42 181
336 62 162
336 70 172
336 88 167
336 96 185
336 126 183
336 152 182
336 158 195
336 169 166
336 176 172
336 179 172
336 202 198
336 231 197
336 271 183
336 274 182
336 290 179
336 300 165
336 301 178
336 304 178
336 319 178
336 334 190
336 337 165
336 350 173
336 358 162
337 14 164
337 79 197
337 129 187
337 150 165
337 156 195
337 184 182
337 209 171
337 216 168
337 217 195
337 219 166
337 229 167
337 232 169
337 237 192
337 270 175
337 271 194
337 281 189
337 303 170
337 320 162
337 323 184
337 326 186
337 336 186
337 351 195
338 32 186
338 35 184
338 36 165
338 42 187
338 94 162
338 101 197
338 120 162
338 173 176
338 201 198
338 210 191
338 217 171
338 219 169
338 230 179
338 261 187
338 288 183
338 293 164
338 315 177
338 334 181
338 337 162
339 9 195
339 10 177
339 33 190
339 36 187
339 61 182
339 90 167
339 116 181
339 142 167
339 190 178
339 202 183
339 205 176
339 211 173
339 217 168
339 236 174
339 240 175
339 244 181
339 272 193
339 294 188
339 348 179
339 355 167
340 32 178
340 66 190
340 80 170
340 98 172
340 123 169
340 168 177
340 171 167
340 177 179
340 222 169
340 255 192
340 283 185
340 317 177
340 322 193
340 326 182
340 331 191
340 343 162
340 348 180
340 352 164
340 353 192
341 6 186
341 14 166
341 18 180
341 39 176
341 42 180
341 52 194
341 95 171
341 154 174
341 166 177
341 176 195
341 191 163
341 203 163
341 207 167
341 223 174
341 228 184
341 248 194
341 249 191
341 290 185
341 304 169
341 306 196
341 307 194
341 319 186
341 343 191
342 34 196
342 38 187
342 42 178
342 51 182
342 67 173
342 84 183
342 90 167
342 165 190
342 233 169
342 260 185
342 291 196
342 305 194
342 315 165
342 335 181
342 354 189
343 17 190
343 35 195
343 39 167
343 50 178
343 61 187
343 66 185
343 84 178
343 118 194
343 135 198
343 138 183
343 139 163
343 175 175
343 182 196
343 224 163
343 249 163
343 290 181
343 319 176
343 338 193
343 341 169
343 357 171
344 0 165
344 5 186
344 20 173
344 24 197
344 28 176
344 44 176
344 59 198
344 71 192
344 137 194
344 162 180
344 223 198
344 261 198
344 282 189
344 294 186
344 299 168
344 323 175
344 328 177
344 346 185
345 1 178
345 33 173
345 48 188
345 52 190
345 72 189
345 76 179
345 84 179
345 86 190
345 101 169
345 107 179
345 115 179
345 122 184
345 170 187
345 182 191
345 198 193
345 209 179
345 224 179
345 235 171
345 264 195
345 319 176
345 334 167
345 354 165
346 8 175
346 15 178
346 23 183
346 30 167
346 38 166
346 66 185
346 84 186
346 90 185
346 109 185
346 142 178
346 146 178
346 166 191
346 181 182
346 183 175
346 190 171
346 213 173
346 244 162
346 246 191
346 253 187
346 276 169
346 296 187
346 304 178
347 34 193
347 35 182
347 41 178
347 42 173
347 44 196
347 46 190
347 53 196
347 146 184
347 149 193
347 152 195
347 181 173
347 211 173
347 236 188
347 245 179
347 263 179
347 277 172
347 325 177
347 342 170
348 29 170
348 77 185
348 111 183
348 137 176
348 141 179
348 183 194
348 199 162
348 253 171
348 260 189
348 262 189
348 276 167
348 308 162
348 340 163
348 344 194
348 349 196
349 26 189
349 115 186
349 120 177
349 140 198
349 161 183
349 185 178
349 197 176
349 198 171
349 199 179
349 269 164
349 275 168
349 286 183
349 296 179
349 297 188
349 330 181
349 342 168
349 359 197
350 7 189
350 23 194
350 45 187
350 70 166
350 72 174
350 83 163
350 89 167
350 92 169
350 112 170
350 141 177
350 188 171
350 214 167
350 223 186
350 251 177
350 253 170
350 259 177
350 268 186
350 294 175
350 296 185
350 332 184
350 344 195
351 4 169
351 13 180
351 15 193
351 36 176
351 39 162
351 45 165
351 68 197
351 71 189
351 78 166
351 105 175
351 107 186
351 121 180
351 134 184
351 147 182
351 183 182
351 190 169
351 205 192
351 210 163
351 283 175
351 290 166
351 297 174
351 316 194
351 318 195
351 323 182
351 342 166
351 347 190
352 24 185
352 28 167
352 86 190
352 94 193
352 104 165
352 105 171
352 109 166
352 121 166
352 127 165
352 133 182
352 143 166
352 144 197
352 165 185
352 175 189
352 177 176
352 187 196
352 194 172
352 204 186
352 259 185
352 267 170
352 301 181
352 317 173
353 40 182
353 49 169
353 67 183
353 68 176
353 80 195
353 82 194
353 102 174
353 113 192
353 114 187
353 142 181
353 166 164
353 196 183
353 199 171
353 202 183
353 204 173
353 262 184
353 272 176
353 278 191
353 291 163
354 12 178
354 20 167
354 26 196
354 46 175
354 59 181
354 84 166
354 90 164
354 104 189
354 146 184
354 157 189
354 169 168
354 175 183
354 189 187
354 191 190
354 196 190
354 212 179
354 254 177
354 285 175
354 299 171
354 322 187
354 323 171
354 326 179
354 329 195
354 357 186
354 358 166
355 21 168
355 30 163
355 52 196
355 61 169
355 70 190
355 79 192
355 95 191
355 140 187
355 154 187
355 155 198
355 166 168
355 192 172
355 202 191
355 212 191
355 215 197
355 250 192
355 281 175
355 285 170
355 288 186
355 321 193
355 331 188
355 334 195
356 10 169
356 37 175
356 42 194
356 68 189
356 73 168
356 103 191
356 117 191
356 129 189
356 133 168
356 137 198
356 139 198
356 143 183
356 172 171
356 176 171
356 298 194
356 357 193
357 7 177
357 36 196
357 50 177
357 70 195
357 107 191
357 125 168
357 130 177
357 164 176
357 165 177
357 170 168
357 237 189
357 241 194
357 325 164
358 16 187
358 29 180
358 48 191
358 99 175
358 100 188
358 115 193
358 116 164
358 132 189
358 133 163
358 134 177
358 154 177
358 160 175
358 174 195
358 182 166
358 200 176
358 209 194
358 237 165
358 249 164
358 302 178
358 309 165
358 316 167
359 31 192
359 68 175
359 95 164
359 102 177
359 133 178
359 134 164
359 156 185
359 160 187
359 170 162
359 173 174
359 184 198
359 226 170
359 230 184
359 246 185
359 254 178
359 255 183
359 259 174
359 260 170
359 285 195
359 295 179
359 307 194
359 310 162
359 313 179
359 339 169
359 340 176
